'TYPE': 'Database'

'SOURCE': 'lXCAT DATABASE: https://fr.lxcat.net/home/'

'RETRIEVAL DATE': 11/06/2019 #(d/m/y)

'ORIGINAL REFERENCE': 'COP (Complex Optical Potential),
                     www.lxcat.net/Biagi-v7.1,
                     C R. P. McEachran, Australian National University, Canberra,
                  Australia and A. D. Stauffer, York University, Toronto, Canada.
                  R.P. McEachran and A.D. Stauffer, 2014, Eur. Phys. J. D 68 153
                  R.P. McEachran and A.D. Stauffer, 2015, Eur. Phys. J. D 69 106.'

'COMMENTS': {
             'PROCESS': 'Pure Elastic Collision e- + Ar --> e- + Ar',
             'SPECIES': e/Ar,
             'INITIAL STATE': 'Ar +0',
             'INITIAL # e-': 18,
             'INITIAL E.C. ': '[Ne] 3s2 3p6',
             'FINAL STATE': 'Ar +0',
             'FINAL # e- ': 18,
             'FINAL E.C. ': '[Ne] 3s2 3p6',
             'METHOD': 'Complex Optical Potential',
             '# OF MEASUREMENTS': 199,
             'RANGE OF ENERGIES': [0, 1000]
             }

'DATA': {
         'ENERGY': {
                    'UNITS': eV,
                    'VALUES': [2.000000e-3, 4.000000e-3, 6.000000e-3, 8.000000e-3, 1.000000e-2, 2.000000e-2, 3.000000e-2, 4.000000e-2, 5.000000e-2, 6.000000e-2, 7.000000e-2, 8.000000e-2, 9.000000e-2, 1.000000e-1, 1.100000e-1, 1.200000e-1, 1.300000e-1, 1.400000e-1, 1.500000e-1, 1.600000e-1, 1.700000e-1, 1.800000e-1, 1.900000e-1, 2.000000e-1, 2.100000e-1, 2.200000e-1, 2.300000e-1, 2.400000e-1, 2.500000e-1, 2.600000e-1, 2.700000e-1, 2.800000e-1, 2.900000e-1, 3.000000e-1, 3.100000e-1, 3.200000e-1, 3.300000e-1, 3.400000e-1, 3.500000e-1, 3.600000e-1, 3.700000e-1, 3.800000e-1, 3.900000e-1, 4.000000e-1, 4.500000e-1, 5.000000e-1, 5.500000e-1, 6.000000e-1, 6.500000e-1, 7.000000e-1, 7.500000e-1, 8.000000e-1, 8.500000e-1, 9.000000e-1, 9.500000e-1, 1.000000e+0, 1.050000e+0, 1.100000e+0, 1.150000e+0, 1.200000e+0, 1.250000e+0, 1.300000e+0, 1.350000e+0, 1.400000e+0, 1.450000e+0, 1.500000e+0, 1.550000e+0, 1.600000e+0, 1.650000e+0, 1.700000e+0, 1.750000e+0, 1.800000e+0, 1.850000e+0, 1.900000e+0, 1.950000e+0, 2.000000e+0, 2.050000e+0, 2.100000e+0, 2.150000e+0, 2.200000e+0, 2.250000e+0, 2.300000e+0, 2.350000e+0, 2.400000e+0, 2.450000e+0, 2.500000e+0, 2.550000e+0, 2.600000e+0, 2.650000e+0, 2.700000e+0, 2.750000e+0, 2.800000e+0, 2.850000e+0, 2.900000e+0, 2.950000e+0, 3.000000e+0, 3.050000e+0, 3.100000e+0, 3.150000e+0, 3.200000e+0, 3.250000e+0, 3.300000e+0, 3.350000e+0, 3.400000e+0, 3.450000e+0, 3.500000e+0, 3.550000e+0, 3.600000e+0, 3.650000e+0, 3.700000e+0, 3.750000e+0, 3.800000e+0, 3.850000e+0, 3.900000e+0, 3.950000e+0, 4.000000e+0, 4.050000e+0, 4.100000e+0, 4.150000e+0, 4.200000e+0, 4.250000e+0, 4.300000e+0, 4.350000e+0, 4.400000e+0, 4.450000e+0, 4.500000e+0, 4.550000e+0, 4.600000e+0, 4.650000e+0, 4.700000e+0, 4.750000e+0, 4.800000e+0, 4.850000e+0, 4.900000e+0, 4.950000e+0, 5.000000e+0, 5.050000e+0, 5.100000e+0, 5.150000e+0, 5.200000e+0, 5.250000e+0, 5.300000e+0, 5.350000e+0, 5.400000e+0, 5.450000e+0, 5.500000e+0, 5.550000e+0, 5.600000e+0, 5.650000e+0, 5.700000e+0, 5.750000e+0, 5.800000e+0, 5.850000e+0, 5.900000e+0, 5.950000e+0, 6.000000e+0, 6.050000e+0, 6.100000e+0, 6.150000e+0, 6.200000e+0, 6.250000e+0, 6.300000e+0, 6.350000e+0, 6.400000e+0, 6.450000e+0, 6.500000e+0, 6.550000e+0, 6.600000e+0, 6.650000e+0, 6.700000e+0, 6.750000e+0, 6.800000e+0, 6.850000e+0, 6.900000e+0, 6.950000e+0, 7.000000e+0, 7.050000e+0, 7.100000e+0, 7.150000e+0, 7.200000e+0, 7.250000e+0, 7.300000e+0, 7.350000e+0, 7.400000e+0, 7.450000e+0, 7.500000e+0, 7.550000e+0, 7.600000e+0, 7.650000e+0, 7.700000e+0, 7.750000e+0, 7.800000e+0, 7.850000e+0, 7.900000e+0, 7.950000e+0, 8.000000e+0, 8.050000e+0, 8.100000e+0, 8.150000e+0, 8.200000e+0, 8.250000e+0, 8.300000e+0, 8.350000e+0, 8.400000e+0, 8.450000e+0, 8.500000e+0, 8.550000e+0, 8.600000e+0, 8.650000e+0, 8.700000e+0, 8.750000e+0, 8.800000e+0, 8.850000e+0, 8.900000e+0, 8.950000e+0, 9.000000e+0, 9.050000e+0, 9.100000e+0, 9.150000e+0, 9.200000e+0, 9.250000e+0, 9.300000e+0, 9.350000e+0, 9.400000e+0, 9.450000e+0, 9.500000e+0, 9.550000e+0, 9.600000e+0, 9.650000e+0, 9.700000e+0, 9.750000e+0, 9.800000e+0, 9.850000e+0, 9.900000e+0, 9.950000e+0, 1.000000e+1, 1.005000e+1, 1.010000e+1, 1.015000e+1, 1.020000e+1, 1.025000e+1, 1.030000e+1, 1.035000e+1, 1.040000e+1, 1.045000e+1, 1.050000e+1, 1.055000e+1, 1.060000e+1, 1.065000e+1, 1.070000e+1, 1.075000e+1, 1.080000e+1, 1.085000e+1, 1.090000e+1, 1.095000e+1, 1.100000e+1, 1.105000e+1, 1.110000e+1, 1.115000e+1, 1.120000e+1, 1.125000e+1, 1.130000e+1, 1.135000e+1, 1.140000e+1, 1.145000e+1, 1.150000e+1, 1.155000e+1, 1.160000e+1, 1.165000e+1, 1.170000e+1, 1.180000e+1, 1.190000e+1, 1.200000e+1, 1.210000e+1, 1.220000e+1, 1.230000e+1, 1.240000e+1, 1.250000e+1, 1.260000e+1, 1.270000e+1, 1.280000e+1, 1.290000e+1, 1.300000e+1, 1.310000e+1, 1.320000e+1, 1.330000e+1, 1.340000e+1, 1.350000e+1, 1.360000e+1, 1.370000e+1, 1.380000e+1, 1.390000e+1, 1.400000e+1, 1.410000e+1, 1.420000e+1, 1.430000e+1, 1.440000e+1, 1.450000e+1, 1.460000e+1, 1.470000e+1, 1.480000e+1, 1.490000e+1, 1.500000e+1, 1.510000e+1, 1.520000e+1, 1.530000e+1, 1.540000e+1, 1.550000e+1, 1.560000e+1, 1.570000e+1, 1.580000e+1, 1.590000e+1, 1.600000e+1, 1.700000e+1, 1.800000e+1, 1.900000e+1, 2.000000e+1, 2.100000e+1, 2.200000e+1, 2.300000e+1, 2.400000e+1, 2.500000e+1, 2.600000e+1, 2.700000e+1, 2.800000e+1, 2.900000e+1, 3.000000e+1, 3.100000e+1, 3.200000e+1, 3.300000e+1, 3.400000e+1, 3.500000e+1, 3.600000e+1, 3.700000e+1, 3.800000e+1, 3.900000e+1, 4.000000e+1, 4.100000e+1, 4.200000e+1, 4.300000e+1, 4.400000e+1, 4.500000e+1, 4.600000e+1, 4.700000e+1, 4.800000e+1, 4.900000e+1, 5.000000e+1, 5.100000e+1, 5.200000e+1, 5.300000e+1, 5.400000e+1, 5.500000e+1, 5.600000e+1, 5.700000e+1, 5.800000e+1, 5.900000e+1, 6.000000e+1, 6.500000e+1, 7.000000e+1, 7.500000e+1, 8.000000e+1, 8.500000e+1, 9.000000e+1, 9.500000e+1, 1.000000e+2, 1.050000e+2, 1.100000e+2, 1.150000e+2, 1.200000e+2, 1.250000e+2, 1.300000e+2, 1.350000e+2, 1.400000e+2, 1.450000e+2, 1.500000e+2, 1.550000e+2, 1.600000e+2, 1.650000e+2, 1.700000e+2, 1.750000e+2, 1.800000e+2, 1.850000e+2, 1.900000e+2, 1.950000e+2, 2.000000e+2, 2.050000e+2, 2.100000e+2, 2.150000e+2, 2.200000e+2, 2.250000e+2, 2.300000e+2, 2.350000e+2, 2.400000e+2, 2.450000e+2, 2.500000e+2, 2.600000e+2, 2.700000e+2, 2.800000e+2, 2.900000e+2, 3.000000e+2, 3.100000e+2, 3.200000e+2, 3.300000e+2, 3.400000e+2, 3.500000e+2, 3.600000e+2, 3.700000e+2, 3.800000e+2, 3.900000e+2, 4.000000e+2, 4.100000e+2, 4.200000e+2, 4.300000e+2, 4.400000e+2, 4.500000e+2, 4.600000e+2, 4.700000e+2, 4.800000e+2, 4.900000e+2, 5.000000e+2, 5.250000e+2, 5.500000e+2, 5.750000e+2, 6.000000e+2, 6.250000e+2, 6.500000e+2, 6.750000e+2, 7.000000e+2, 7.250000e+2, 7.500000e+2, 7.750000e+2, 8.000000e+2, 8.250000e+2, 8.500000e+2, 8.750000e+2, 9.000000e+2, 9.250000e+2, 9.500000e+2, 1.000000e+3]
                    },
         'CROSS-SECTION': {
                           'UNITS': m^2,
                           'VALUES': [5.411100e-20 ,4.919800e-20 ,4.559000e-20 ,4.260400e-20 ,4.000100e-20 ,3.017700e-20 ,2.352500e-20 ,1.876900e-20 ,1.521600e-20 ,1.245300e-20 ,1.024400e-20 ,8.449000e-21 ,6.977900e-21 ,5.767400e-21 ,4.769500e-21 ,3.946100e-21 ,3.267300e-21 ,2.709300e-21 ,2.253300e-21 ,1.884300e-21 ,1.589800e-21 ,1.359800e-21 ,1.185700e-21 ,1.060000e-21 ,9.764900e-22 ,9.297300e-22 ,9.151000e-22 ,9.286400e-22 ,9.669400e-22 ,1.027100e-21 ,1.106600e-21 ,1.230600e-21 ,1.346900e-21 ,1.476400e-21 ,1.618200e-21 ,1.767800e-21 ,1.927400e-21 ,2.094200e-21 ,2.267500e-21 ,2.446600e-21 ,2.630600e-21 ,2.818800e-21 ,3.010800e-21 ,3.206000e-21 ,4.143500e-21 ,5.172400e-21 ,6.199400e-21 ,7.208600e-21 ,8.192500e-21 ,9.147100e-21 ,1.007000e-20 ,1.096300e-20 ,1.182600e-20 ,1.266100e-20 ,1.347200e-20 ,1.426100e-20 ,1.502900e-20 ,1.577900e-20 ,1.651400e-20 ,1.723600e-20 ,1.794700e-20 ,1.864900e-20 ,1.934400e-20 ,2.003300e-20 ,2.071700e-20 ,2.139800e-20 ,2.207800e-20 ,2.275800e-20 ,2.343800e-20 ,2.411900e-20 ,2.480200e-20 ,2.548900e-20 ,2.617900e-20 ,2.687400e-20 ,2.757300e-20 ,2.827900e-20 ,2.899000e-20 ,2.970700e-20 ,3.043200e-20 ,3.116300e-20 ,3.190200e-20 ,3.264900e-20 ,3.340400e-20 ,3.416700e-20 ,3.493800e-20 ,3.571900e-20 ,3.650800e-20 ,3.730600e-20 ,3.811200e-20 ,3.892900e-20 ,3.975400e-20 ,4.058900e-20 ,4.143300e-20 ,4.228700e-20 ,4.315000e-20 ,4.402300e-20 ,4.490500e-20 ,4.579800e-20 ,4.670000e-20 ,4.761100e-20 ,4.853200e-20 ,4.946300e-20 ,5.040300e-20 ,5.135300e-20 ,5.231300e-20 ,5.328100e-20 ,5.426000e-20 ,5.524800e-20 ,5.624500e-20 ,5.725100e-20 ,5.826700e-20 ,5.929200e-20 ,6.032600e-20 ,6.136900e-20 ,6.242000e-20 ,6.348000e-20 ,6.455000e-20 ,6.562700e-20 ,6.671300e-20 ,6.780700e-20 ,6.891000e-20 ,7.002000e-20 ,7.113800e-20 ,7.226400e-20 ,7.339700e-20 ,7.453800e-20 ,7.568600e-20 ,7.684100e-20 ,7.800300e-20 ,7.917200e-20 ,8.034700e-20 ,8.152800e-20 ,8.271600e-20 ,8.390900e-20 ,8.510700e-20 ,8.631100e-20 ,8.752100e-20 ,8.873500e-20 ,8.995400e-20 ,9.117700e-20 ,9.240400e-20 ,9.363600e-20 ,9.487100e-20 ,9.610900e-20 ,9.735000e-20 ,9.859300e-20 ,9.984000e-20 ,1.010900e-19 ,1.023400e-19 ,1.035900e-19 ,1.048400e-19 ,1.061000e-19 ,1.073500e-19 ,1.086000e-19 ,1.098600e-19 ,1.111100e-19 ,1.123600e-19 ,1.136100e-19 ,1.148600e-19 ,1.161100e-19 ,1.173600e-19 ,1.186000e-19 ,1.198400e-19 ,1.210700e-19 ,1.223000e-19 ,1.235300e-19 ,1.247500e-19 ,1.259700e-19 ,1.271800e-19 ,1.283900e-19 ,1.295900e-19 ,1.307800e-19 ,1.319700e-19 ,1.331500e-19 ,1.343200e-19 ,1.354800e-19 ,1.366300e-19 ,1.377800e-19 ,1.389100e-19 ,1.400400e-19 ,1.411500e-19 ,1.422600e-19 ,1.433500e-19 ,1.444300e-19 ,1.455000e-19 ,1.465600e-19 ,1.476000e-19 ,1.486400e-19 ,1.496600e-19 ,1.506600e-19 ,1.516500e-19 ,1.526300e-19 ,1.535900e-19 ,1.545400e-19 ,1.554800e-19 ,1.563900e-19 ,1.572900e-19 ,1.581800e-19 ,1.590500e-19 ,1.599000e-19 ,1.607400e-19 ,1.615600e-19 ,1.623600e-19 ,1.631400e-19 ,1.639100e-19 ,1.646600e-19 ,1.653900e-19 ,1.661000e-19 ,1.668000e-19 ,1.674700e-19 ,1.681300e-19 ,1.687700e-19 ,1.693800e-19 ,1.699800e-19 ,1.705600e-19 ,1.711300e-19 ,1.716700e-19 ,1.721900e-19 ,1.726900e-19 ,1.731800e-19 ,1.736400e-19 ,1.740900e-19 ,1.745100e-19 ,1.749200e-19 ,1.753100e-19 ,1.756700e-19 ,1.760200e-19 ,1.763500e-19 ,1.766600e-19 ,1.769500e-19 ,1.772200e-19 ,1.774700e-19 ,1.777000e-19 ,1.779200e-19 ,1.781200e-19 ,1.782900e-19 ,1.784500e-19 ,1.785900e-19 ,1.787200e-19 ,1.788200e-19 ,1.789100e-19 ,1.789800e-19 ,1.790300e-19 ,1.790700e-19 ,1.790900e-19 ,1.790900e-19 ,1.790800e-19 ,1.790500e-19 ,1.790000e-19 ,1.789400e-19 ,1.788600e-19 ,1.787700e-19 ,1.786600e-19 ,1.785400e-19 ,1.784000e-19 ,1.782500e-19 ,1.780800e-19 ,1.779000e-19 ,1.777100e-19 ,1.775000e-19 ,1.772900e-19 ,1.770500e-19 ,1.768100e-19 ,1.765500e-19 ,1.762900e-19 ,1.760100e-19 ,1.757100e-19 ,1.754100e-19 ,1.751000e-19 ,1.746500e-19 ,1.739100e-19 ,1.728100e-19 ,1.718700e-19 ,1.709500e-19 ,1.700300e-19 ,1.691000e-19 ,1.681600e-19 ,1.672000e-19 ,1.662300e-19 ,1.652500e-19 ,1.642500e-19 ,1.632300e-19 ,1.622000e-19 ,1.611500e-19 ,1.600600e-19 ,1.590600e-19 ,1.579300e-19 ,1.568100e-19 ,1.556800e-19 ,1.545600e-19 ,1.534200e-19 ,1.522900e-19 ,1.511500e-19 ,1.499700e-19 ,1.487200e-19 ,1.474900e-19 ,1.462300e-19 ,1.450300e-19 ,1.438500e-19 ,1.426800e-19 ,1.415200e-19 ,1.403800e-19 ,1.392400e-19 ,1.381100e-19 ,1.369900e-19 ,1.358700e-19 ,1.347700e-19 ,1.336700e-19 ,1.325800e-19 ,1.315000e-19 ,1.304300e-19 ,1.293700e-19 ,1.283500e-19 ,1.178400e-19 ,1.083200e-19 ,9.987900e-20 ,9.244800e-20 ,8.591400e-20 ,8.013600e-20 ,7.502100e-20 ,7.047700e-20 ,6.643400e-20 ,6.282600e-20 ,5.959900e-20 ,5.671000e-20 ,5.411700e-20 ,5.178000e-20 ,4.966400e-20 ,4.774200e-20 ,4.599300e-20 ,4.439500e-20 ,4.293000e-20 ,4.158400e-20 ,4.034200e-20 ,3.919600e-20 ,3.813100e-20 ,3.714000e-20 ,3.621600e-20 ,3.535300e-20 ,3.454400e-20 ,3.378400e-20 ,3.306600e-20 ,3.239500e-20 ,3.176300e-20 ,3.116300e-20 ,3.059400e-20 ,3.006100e-20 ,2.955700e-20 ,2.907600e-20 ,2.861600e-20 ,2.817800e-20 ,2.775900e-20 ,2.735800e-20 ,2.697500e-20 ,2.660600e-20 ,2.625300e-20 ,2.591300e-20 ,2.439200e-20 ,2.310800e-20 ,2.200300e-20 ,2.103500e-20 ,2.017500e-20 ,1.940200e-20 ,1.870600e-20 ,1.805600e-20 ,1.746000e-20 ,1.690800e-20 ,1.639200e-20 ,1.590900e-20 ,1.545500e-20 ,1.502700e-20 ,1.462200e-20 ,1.423400e-20 ,1.386500e-20 ,1.351500e-20 ,1.318100e-20 ,1.286100e-20 ,1.255600e-20 ,1.226300e-20 ,1.198400e-20 ,1.171600e-20 ,1.145600e-20 ,1.120600e-20 ,1.096500e-20 ,1.073200e-20 ,1.050800e-20 ,1.029200e-20 ,1.008200e-20 ,9.879100e-21 ,9.683100e-21 ,9.493400e-21 ,9.309800e-21 ,9.132000e-21 ,8.959700e-21 ,8.792500e-21 ,8.211700e-21 ,7.872400e-21 ,7.578400e-21 ,7.311600e-21 ,7.064000e-21 ,6.831700e-21 ,6.612600e-21 ,6.405200e-21 ,6.208500e-21 ,6.021500e-21 ,5.843700e-21 ,5.674400e-21 ,5.512900e-21 ,5.358900e-21 ,5.211700e-21 ,5.069600e-21 ,4.935300e-21 ,4.807100e-21 ,4.684300e-21 ,4.565700e-21 ,4.450800e-21 ,4.341000e-21 ,4.236400e-21 ,4.135800e-21 ,4.039000e-21 ,3.812700e-21 ,3.605400e-21 ,3.415500e-21 ,3.241300e-21 ,3.081200e-21 ,2.933500e-21 ,2.797000e-21 ,2.670400e-21 ,2.553000e-21 ,2.443600e-21 ,2.341500e-21 ,2.246000e-21 ,2.156700e-21 ,2.073000e-21 ,1.994400e-21 ,1.920600e-21 ,1.851100e-21 ,1.785500e-21 ,1.664800e-21]
                           }
        }