'TYPE': 'Database'

'SOURCE': 'lXCAT DATABASE: https://fr.lxcat.net/home/'

'RETRIEVAL DATE': 11/06/2019 #(d/m/y)

'ORIGINAL REFERENCE': 'COP (Complex Optical Potential),
                     www.lxcat.net/Biagi-v7.1,
					 C R. P. McEachran, Australian National University, Canberra,
                  Australia and A. D. Stauffer, York University, Toronto, Canada.
				  R.P. McEachran and A.D. Stauffer, 2014, Eur. Phys. J. D 68 153
                  R.P. McEachran and A.D. Stauffer, 2015, Eur. Phys. J. D 69 106.'

'COMMENTS': {
             'PROCESS': 'Pure Elastic Collision e- + Kr --> e- + Kr',
             'SPECIES': e/Kr,
             'INITIAL STATE': 'Kr +0',
             'INITIAL # e-': 36,
             'INITIAL E.C. ': '[Ar] 3d10 4s2 4p6',
             'FINAL STATE': 'Kr +0',
             'FINAL # e- ': 36,
             'FINAL E.C. ': '[Ar] 3d10 4s2 4p6',
             'METHOD': 'Complex Optical Potential',
             '# OF MEASUREMENTS': 199,
             'RANGE OF ENERGIES': [0, 1000]
             }

'DATA': {
         'ENERGY': {
                    'UNITS': eV,
                    'VALUES': [2.000000e-3,4.000000e-3,6.000000e-3,8.000000e-3,1.000000e-2,2.000000e-2,3.000000e-2,4.000000e-2,5.000000e-2,6.000000e-2,7.000000e-2,8.000000e-2,9.000000e-2,1.000000e-1,1.100000e-1,1.200000e-1,1.300000e-1,1.400000e-1,1.500000e-1,1.600000e-1,1.700000e-1,1.800000e-1,1.900000e-1,2.000000e-1,2.100000e-1,2.200000e-1,2.300000e-1,2.400000e-1,2.500000e-1,2.600000e-1,2.700000e-1,2.800000e-1,2.900000e-1,3.000000e-1,3.100000e-1,3.200000e-1,3.300000e-1,3.400000e-1,3.500000e-1,3.600000e-1,3.700000e-1,3.800000e-1,3.900000e-1,4.000000e-1,4.500000e-1,4.600000e-1,4.700000e-1,4.800000e-1,4.900000e-1,5.000000e-1,5.100000e-1,5.200000e-1,5.300000e-1,5.400000e-1,5.500000e-1,6.000000e-1,6.500000e-1,7.000000e-1,7.500000e-1,8.000000e-1,8.500000e-1,9.000000e-1,9.500000e-1,1.000000e+0,1.050000e+0,1.100000e+0,1.150000e+0,1.200000e+0,1.250000e+0,1.300000e+0,1.350000e+0,1.400000e+0,1.450000e+0,1.500000e+0,1.550000e+0,1.600000e+0,1.650000e+0,1.700000e+0,1.750000e+0,1.800000e+0,1.850000e+0,1.900000e+0,1.950000e+0,2.000000e+0,2.050000e+0,2.100000e+0,2.150000e+0,2.200000e+0,2.250000e+0,2.300000e+0,2.350000e+0,2.400000e+0,2.450000e+0,2.500000e+0,2.550000e+0,2.600000e+0,2.650000e+0,2.700000e+0,2.750000e+0,2.800000e+0,2.850000e+0,2.900000e+0,2.950000e+0,3.000000e+0,3.050000e+0,3.100000e+0,3.150000e+0,3.200000e+0,3.250000e+0,3.300000e+0,3.350000e+0,3.400000e+0,3.450000e+0,3.500000e+0,3.550000e+0,3.600000e+0,3.650000e+0,3.700000e+0,3.750000e+0,3.800000e+0,3.850000e+0,3.900000e+0,3.950000e+0,4.000000e+0,4.050000e+0,4.100000e+0,4.150000e+0,4.200000e+0,4.250000e+0,4.300000e+0,4.350000e+0,4.400000e+0,4.450000e+0,4.500000e+0,4.550000e+0,4.600000e+0,4.650000e+0,4.700000e+0,4.750000e+0,4.800000e+0,4.850000e+0,4.900000e+0,4.950000e+0,5.000000e+0,5.050000e+0,5.100000e+0,5.150000e+0,5.200000e+0,5.250000e+0,5.300000e+0,5.350000e+0,5.400000e+0,5.450000e+0,5.500000e+0,5.550000e+0,5.600000e+0,5.650000e+0,5.700000e+0,5.750000e+0,5.800000e+0,5.850000e+0,5.900000e+0,5.950000e+0,6.000000e+0,6.050000e+0,6.100000e+0,6.150000e+0,6.200000e+0,6.250000e+0,6.300000e+0,6.350000e+0,6.400000e+0,6.450000e+0,6.500000e+0,6.550000e+0,6.600000e+0,6.650000e+0,6.700000e+0,6.750000e+0,6.800000e+0,6.850000e+0,6.900000e+0,6.950000e+0,7.000000e+0,7.050000e+0,7.100000e+0,7.150000e+0,7.200000e+0,7.250000e+0,7.300000e+0,7.350000e+0,7.400000e+0,7.450000e+0,7.500000e+0,7.550000e+0,7.600000e+0,7.650000e+0,7.700000e+0,7.750000e+0,7.800000e+0,7.850000e+0,7.900000e+0,7.950000e+0,8.000000e+0,8.050000e+0,8.100000e+0,8.150000e+0,8.200000e+0,8.250000e+0,8.300000e+0,8.350000e+0,8.400000e+0,8.450000e+0,8.500000e+0,8.550000e+0,8.600000e+0,8.650000e+0,8.700000e+0,8.750000e+0,8.800000e+0,8.850000e+0,8.900000e+0,8.950000e+0,9.000000e+0,9.050000e+0,9.100000e+0,9.150000e+0,9.200000e+0,9.250000e+0,9.300000e+0,9.350000e+0,9.400000e+0,9.450000e+0,9.500000e+0,9.550000e+0,9.600000e+0,9.650000e+0,9.700000e+0,9.750000e+0,9.800000e+0,9.850000e+0,9.900000e+0,9.950000e+0,1.000000e+1,1.010000e+1,1.020000e+1,1.030000e+1,1.040000e+1,1.050000e+1,1.060000e+1,1.070000e+1,1.080000e+1,1.090000e+1,1.100000e+1,1.110000e+1,1.120000e+1,1.130000e+1,1.140000e+1,1.150000e+1,1.160000e+1,1.170000e+1,1.180000e+1,1.190000e+1,1.200000e+1,1.210000e+1,1.220000e+1,1.230000e+1,1.240000e+1,1.250000e+1,1.260000e+1,1.270000e+1,1.280000e+1,1.290000e+1,1.300000e+1,1.310000e+1,1.320000e+1,1.330000e+1,1.340000e+1,1.350000e+1,1.360000e+1,1.370000e+1,1.380000e+1,1.390000e+1,1.400000e+1,1.500000e+1,1.600000e+1,1.700000e+1,1.800000e+1,1.900000e+1,2.000000e+1,2.100000e+1,2.200000e+1,2.300000e+1,2.400000e+1,2.500000e+1,2.600000e+1,2.700000e+1,2.800000e+1,2.900000e+1,3.000000e+1,3.100000e+1,3.200000e+1,3.300000e+1,3.400000e+1,3.500000e+1,3.600000e+1,3.700000e+1,3.800000e+1,3.900000e+1,4.000000e+1,4.100000e+1,4.200000e+1,4.300000e+1,4.400000e+1,4.500000e+1,4.600000e+1,4.700000e+1,4.800000e+1,4.900000e+1,5.000000e+1,5.100000e+1,5.200000e+1,5.300000e+1,5.400000e+1,5.500000e+1,5.600000e+1,5.700000e+1,5.800000e+1,5.900000e+1,6.000000e+1,6.500000e+1,7.000000e+1,7.500000e+1,8.000000e+1,8.500000e+1,9.000000e+1,9.500000e+1,1.000000e+2,1.050000e+2,1.100000e+2,1.150000e+2,1.200000e+2,1.250000e+2,1.300000e+2,1.350000e+2,1.400000e+2,1.450000e+2,1.500000e+2,1.550000e+2,1.600000e+2,1.650000e+2,1.700000e+2,1.750000e+2,1.800000e+2,1.850000e+2,1.900000e+2,1.950000e+2,2.000000e+2,2.050000e+2,2.100000e+2,2.150000e+2,2.200000e+2,2.250000e+2,2.300000e+2,2.350000e+2,2.400000e+2,2.450000e+2,2.500000e+2,2.600000e+2,2.700000e+2,2.800000e+2,2.900000e+2,3.000000e+2,3.100000e+2,3.200000e+2,3.300000e+2,3.400000e+2,3.500000e+2,3.600000e+2,3.700000e+2,3.800000e+2,3.900000e+2,4.000000e+2,4.100000e+2,4.200000e+2,4.300000e+2,4.400000e+2,4.500000e+2,4.600000e+2,4.700000e+2,4.800000e+2,4.900000e+2,5.000000e+2,5.250000e+2,5.500000e+2,5.750000e+2,6.000000e+2,6.250000e+2,6.500000e+2,6.750000e+2,7.000000e+2,7.250000e+2,7.500000e+2,7.750000e+2,8.000000e+2,8.250000e+2,8.500000e+2,8.750000e+2,9.000000e+2,9.250000e+2,9.500000e+2,1.000000e+3]
                    },
         'CROSS-SECTION': {
                           'UNITS': m^2,
                           'VALUES': [3.066400e-19 ,2.845400e-19 ,2.678100e-19 ,2.537700e-19 ,2.414300e-19 ,1.942600e-19 ,1.613700e-19 ,1.369900e-19 ,1.180700e-19 ,1.028200e-19 ,9.018800e-20 ,7.952800e-20 ,7.042700e-20 ,6.255500e-20 ,5.574200e-20 ,4.982500e-20 ,4.461900e-20 ,4.002400e-20 ,3.594900e-20 ,3.232100e-20 ,2.908200e-20 ,2.618100e-20 ,2.357900e-20 ,2.124700e-20 ,1.914200e-20 ,1.724500e-20 ,1.553400e-20 ,1.398800e-20 ,1.259100e-20 ,1.132800e-20 ,1.018500e-20 ,9.156200e-21 ,8.220300e-21 ,7.374000e-21 ,6.609400e-21 ,5.919200e-21 ,5.297100e-21 ,4.737300e-21 ,4.234500e-21 ,3.788000e-21 ,3.385300e-21 ,3.026700e-21 ,2.708700e-21 ,2.429100e-21 ,1.496600e-21 ,1.388100e-21 ,1.301300e-21 ,1.234700e-21 ,1.186700e-21 ,1.156000e-21 ,1.141400e-21 ,1.141600e-21 ,1.155600e-21 ,1.182300e-21 ,1.220400e-21 ,1.532500e-21 ,2.280800e-21 ,2.961300e-21 ,3.799500e-21 ,4.736100e-21 ,5.744000e-21 ,6.808600e-21 ,7.918000e-21 ,9.073400e-21 ,1.026400e-20 ,1.148700e-20 ,1.273800e-20 ,1.401500e-20 ,1.532400e-20 ,1.666100e-20 ,1.802000e-20 ,1.940800e-20 ,2.082300e-20 ,2.226400e-20 ,2.373100e-20 ,2.522500e-20 ,2.674700e-20 ,2.829600e-20 ,2.987200e-20 ,3.147500e-20 ,3.310600e-20 ,3.476400e-20 ,3.645000e-20 ,3.816300e-20 ,3.990400e-20 ,4.167200e-20 ,4.346700e-20 ,4.528900e-20 ,4.713300e-20 ,4.900500e-20 ,5.090400e-20 ,5.283200e-20 ,5.478200e-20 ,5.675800e-20 ,5.875900e-20 ,6.078500e-20 ,6.283400e-20 ,6.490700e-20 ,6.700200e-20 ,6.912100e-20 ,7.126000e-20 ,7.341900e-20 ,7.559900e-20 ,7.779900e-20 ,8.001400e-20 ,8.224800e-20 ,8.449900e-20 ,8.676800e-20 ,8.905100e-20 ,9.134800e-20 ,9.365800e-20 ,9.598100e-20 ,9.831400e-20 ,1.006600e-19 ,1.030100e-19 ,1.053700e-19 ,1.077400e-19 ,1.101100e-19 ,1.124900e-19 ,1.148700e-19 ,1.172600e-19 ,1.196400e-19 ,1.220200e-19 ,1.244100e-19 ,1.267800e-19 ,1.291600e-19 ,1.315200e-19 ,1.338800e-19 ,1.362300e-19 ,1.385800e-19 ,1.409100e-19 ,1.432200e-19 ,1.455200e-19 ,1.478100e-19 ,1.500800e-19 ,1.523300e-19 ,1.545600e-19 ,1.567700e-19 ,1.589600e-19 ,1.611300e-19 ,1.632700e-19 ,1.653800e-19 ,1.674700e-19 ,1.695300e-19 ,1.715600e-19 ,1.735500e-19 ,1.755200e-19 ,1.774500e-19 ,1.793500e-19 ,1.812100e-19 ,1.830400e-19 ,1.848300e-19 ,1.865800e-19 ,1.883000e-19 ,1.899700e-19 ,1.916100e-19 ,1.932000e-19 ,1.947500e-19 ,1.962600e-19 ,1.977300e-19 ,1.991500e-19 ,2.005300e-19 ,2.018700e-19 ,2.031600e-19 ,2.044100e-19 ,2.056100e-19 ,2.067700e-19 ,2.078800e-19 ,2.089500e-19 ,2.099800e-19 ,2.109500e-19 ,2.118900e-19 ,2.127700e-19 ,2.136200e-19 ,2.144200e-19 ,2.151700e-19 ,2.158800e-19 ,2.165500e-19 ,2.171700e-19 ,2.177500e-19 ,2.182900e-19 ,2.187800e-19 ,2.192300e-19 ,2.196500e-19 ,2.200200e-19 ,2.203500e-19 ,2.206400e-19 ,2.208900e-19 ,2.211100e-19 ,2.212800e-19 ,2.214200e-19 ,2.215200e-19 ,2.215900e-19 ,2.216200e-19 ,2.216200e-19 ,2.215900e-19 ,2.215200e-19 ,2.214200e-19 ,2.212900e-19 ,2.211300e-19 ,2.209400e-19 ,2.207200e-19 ,2.204700e-19 ,2.202000e-19 ,2.198900e-19 ,2.195600e-19 ,2.192100e-19 ,2.188300e-19 ,2.184300e-19 ,2.180100e-19 ,2.175600e-19 ,2.170900e-19 ,2.166000e-19 ,2.160900e-19 ,2.155700e-19 ,2.150200e-19 ,2.144500e-19 ,2.138700e-19 ,2.132700e-19 ,2.126500e-19 ,2.120200e-19 ,2.113800e-19 ,2.107200e-19 ,2.100500e-19 ,2.093600e-19 ,2.086600e-19 ,2.079500e-19 ,2.072300e-19 ,2.065000e-19 ,2.057600e-19 ,2.050100e-19 ,2.042400e-19 ,2.034700e-19 ,2.026900e-19 ,2.019100e-19 ,2.011200e-19 ,2.003200e-19 ,1.995100e-19 ,1.987000e-19 ,1.978800e-19 ,1.970600e-19 ,1.962300e-19 ,1.954000e-19 ,1.945700e-19 ,1.924700e-19 ,1.905700e-19 ,1.887400e-19 ,1.869400e-19 ,1.851600e-19 ,1.833800e-19 ,1.813900e-19 ,1.795100e-19 ,1.777400e-19 ,1.759100e-19 ,1.741400e-19 ,1.724000e-19 ,1.706700e-19 ,1.689600e-19 ,1.672200e-19 ,1.655100e-19 ,1.638400e-19 ,1.621900e-19 ,1.605500e-19 ,1.589200e-19 ,1.573100e-19 ,1.556600e-19 ,1.540100e-19 ,1.523100e-19 ,1.506400e-19 ,1.490500e-19 ,1.474900e-19 ,1.459500e-19 ,1.444100e-19 ,1.429100e-19 ,1.413000e-19 ,1.397500e-19 ,1.382700e-19 ,1.368300e-19 ,1.354100e-19 ,1.340200e-19 ,1.326400e-19 ,1.312600e-19 ,1.299100e-19 ,1.285600e-19 ,1.163100e-19 ,1.051300e-19 ,9.559400e-20 ,8.733300e-20 ,8.007700e-20 ,7.366200e-20 ,6.795300e-20 ,6.284600e-20 ,5.825900e-20 ,5.412600e-20 ,5.038900e-20 ,4.700300e-20 ,4.393000e-20 ,4.113700e-20 ,3.859300e-20 ,3.627100e-20 ,3.414700e-20 ,3.220200e-20 ,3.041900e-20 ,2.878300e-20 ,2.728300e-20 ,2.590500e-20 ,2.464200e-20 ,2.348200e-20 ,2.241800e-20 ,2.144100e-20 ,2.054600e-20 ,1.972300e-20 ,1.896800e-20 ,1.827600e-20 ,1.763900e-20 ,1.705600e-20 ,1.652000e-20 ,1.602800e-20 ,1.557800e-20 ,1.516500e-20 ,1.478800e-20 ,1.444200e-20 ,1.412600e-20 ,1.383700e-20 ,1.357400e-20 ,1.333400e-20 ,1.311600e-20 ,1.291800e-20 ,1.273800e-20 ,1.257500e-20 ,1.197600e-20 ,1.164700e-20 ,1.151000e-20 ,1.145200e-20 ,1.148500e-20 ,1.156500e-20 ,1.167000e-20 ,1.178700e-20 ,1.190500e-20 ,1.202000e-20 ,1.212700e-20 ,1.222300e-20 ,1.230700e-20 ,1.237500e-20 ,1.245700e-20 ,1.250500e-20 ,1.254100e-20 ,1.256500e-20 ,1.257800e-20 ,1.258100e-20 ,1.257500e-20 ,1.255700e-20 ,1.253200e-20 ,1.249900e-20 ,1.246400e-20 ,1.242100e-20 ,1.237000e-20 ,1.230900e-20 ,1.224000e-20 ,1.217000e-20 ,1.209500e-20 ,1.201800e-20 ,1.193800e-20 ,1.185600e-20 ,1.177100e-20 ,1.168400e-20 ,1.159600e-20 ,1.150700e-20 ,1.132900e-20 ,1.114500e-20 ,1.095700e-20 ,1.076000e-20 ,1.056700e-20 ,1.037400e-20 ,1.018200e-20 ,9.991600e-21 ,9.804200e-21 ,9.619700e-21 ,9.438300e-21 ,9.260000e-21 ,9.084900e-21 ,8.914000e-21 ,8.746700e-21 ,8.582700e-21 ,8.422300e-21 ,8.265700e-21 ,8.112900e-21 ,7.964100e-21 ,7.819000e-21 ,7.677600e-21 ,7.539800e-21 ,7.405600e-21 ,7.274900e-21 ,6.962100e-21 ,6.670000e-21 ,6.396300e-21 ,6.139600e-21 ,5.898300e-21 ,5.671500e-21 ,5.458300e-21 ,5.257600e-21 ,5.068500e-21 ,4.890200e-21 ,4.721800e-21 ,4.562500e-21 ,4.411700e-21 ,4.268800e-21 ,4.133600e-21 ,4.002900e-21 ,3.878200e-21 ,3.763500e-21 ,3.549100e-21]
                           }
        }