'TYPE': 'Database'

'SOURCE': 'lXCAT DATABASE: https://fr.lxcat.net/home/'

'RETRIEVAL DATE': 25/03/2019 #(d/m/y)

'ORIGINAL REFERENCE': 'Biagi-v7.1 (Magboltz version 7.1),
                      www.lxcat.net/Biagi-v7.1,
					  COPYRIGHT 2004   STEPHEN FRANCIS BIAGI,
					  Cross sections extracted from 
                  PROGRAM MAGBOLTZ, VERSION 7.1 JUNE 2004'

'COMMENTS': {
             'PROCESS': 'Ionization e- + Xe --> 2e- + Xe+',
             'SPECIES': e/Xe,
             'INITIAL STATE': 'Xe +0',
             'INITIAL # e-': 54,
             'INITIAL E.C. ': '[Kr] 4d10 5s2 5p6',
             'FINAL STATE': 'Xe +1',
             'FINAL # e- ': 53,
             'FINAL E.C. ': '[Kr] 4d10 5s2 5p5',
             'METHOD': 'These cross sections were compiled for use in a Monte Carlo (or multi-term Boltzmann) code.  
                  For history and detailed notes, see http://consult.cern.ch/writeup/magboltz/,
				  For the moment, this data base contains cross sections for the rare gases.  The excitation cross
                  sections are grouped into a few effective excitation levels.  For more detailed cross sections with
                  multiple levels, see Biagi 8.9. ',
             '# OF MEASUREMENTS': 201,
             'RANGE OF ENERGIES': [12.13, 977.1809]
             }

'DATA': {
         'ENERGY': {
                    'UNITS': eV,
                    'VALUES': [ 1.213000e+1,1.213100e+1,1.216514e+1,1.220152e+1,1.223917e+1,1.227815e+1,1.231850e+1,1.236027e+1,1.240350e+1,1.244826e+1,1.249458e+1,1.254254e+1,1.259218e+1,1.264356e+1,1.269675e+1,1.275181e+1,1.280880e+1,1.286780e+1,1.292887e+1,1.299209e+1,1.305753e+1,1.312526e+1,1.319538e+1,1.326796e+1,1.334309e+1,1.342087e+1,1.350137e+1,1.358471e+1,1.367097e+1,1.376027e+1,1.385270e+1,1.394838e+1,1.404743e+1,1.414995e+1,1.425608e+1,1.436594e+1,1.447965e+1,1.459737e+1,1.471922e+1,1.484535e+1,1.497592e+1,1.511107e+1,1.525098e+1,1.539580e+1,1.554570e+1,1.570088e+1,1.586151e+1,1.602779e+1,1.619991e+1,1.637807e+1,1.656250e+1,1.675341e+1,1.695103e+1,1.715560e+1,1.736735e+1,1.758654e+1,1.781344e+1,1.804831e+1,1.829143e+1,1.854310e+1,1.880362e+1,1.907328e+1,1.935243e+1,1.964138e+1,1.994049e+1,2.025011e+1,2.057061e+1,2.090237e+1,2.124579e+1,2.160129e+1,2.196927e+1,2.235018e+1,2.274449e+1,2.315264e+1,2.357515e+1,2.401250e+1,2.446521e+1,2.493384e+1,2.541894e+1,2.592108e+1,2.644087e+1,2.697893e+1,2.753590e+1,2.811244e+1,2.870924e+1,2.932701e+1,2.996649e+1,3.062845e+1,3.131366e+1,3.202296e+1,3.275719e+1,3.351721e+1,3.430395e+1,3.511833e+1,3.596133e+1,3.683396e+1,3.773725e+1,3.867229e+1,3.964018e+1,4.064209e+1,4.167921e+1,4.275278e+1,4.386407e+1,4.501442e+1,4.620519e+1,4.743781e+1,4.871374e+1,5.003451e+1,5.140170e+1,5.281694e+1,5.428191e+1,5.579836e+1,5.736810e+1,5.899301e+1,6.067502e+1,6.241614e+1,6.421844e+1,6.608409e+1,6.801529e+1,7.001437e+1,7.208369e+1,7.422573e+1,7.644306e+1,7.873830e+1,8.111420e+1,8.357360e+1,8.611942e+1,8.875471e+1,9.148261e+1,9.430638e+1,9.722938e+1,1.002551e+2,1.033871e+2,1.066293e+2,1.099853e+2,1.134593e+2,1.170554e+2,1.207778e+2,1.246311e+2,1.286198e+2,1.327486e+2,1.370225e+2,1.414467e+2,1.460263e+2,1.507668e+2,1.556740e+2,1.607536e+2,1.660117e+2,1.714545e+2,1.770887e+2,1.829208e+2,1.889579e+2,1.952072e+2,2.016761e+2,2.083723e+2,2.153038e+2,2.224789e+2,2.299062e+2,2.375944e+2,2.455529e+2,2.537910e+2,2.623186e+2,2.711460e+2,2.802835e+2,2.897421e+2,2.995331e+2,3.096683e+2,3.201595e+2,3.310195e+2,3.422611e+2,3.538978e+2,3.659434e+2,3.784123e+2,3.913194e+2,4.046801e+2,4.185103e+2,4.328265e+2,4.476458e+2,4.629859e+2,4.788651e+2,4.953024e+2,5.123172e+2,5.299300e+2,5.481618e+2,5.670343e+2,5.865699e+2,6.067921e+2,6.277250e+2,6.493935e+2,6.718234e+2,6.950417e+2,7.190758e+2,7.439545e+2,7.697076e+2,7.963656e+2,8.239605e+2,8.525251e+2,8.820936e+2,9.127011e+2,9.443843e+2,9.771809e+2]
                    },
         'CROSS-SECTION': {
                           'UNITS': m^2,
                           'VALUES': [0.000000e+0,2.432430e-25,8.548100e-23,1.739660e-22,2.655600e-22,3.603740e-22,4.585190e-22,5.601130e-22,6.652780e-22,7.741380e-22,8.868240e-22,1.024210e-21,1.169160e-21,1.319200e-21,1.474510e-21,1.635290e-21,1.801710e-21,1.973980e-21,2.152300e-21,2.336890e-21,2.541780e-21,2.755830e-21,2.977400e-21,3.206760e-21,3.444180e-21,3.689940e-21,3.944530e-21,4.219540e-21,4.504210e-21,4.798880e-21,5.103910e-21,5.419660e-21,5.752200e-21,6.102840e-21,6.465790e-21,6.841500e-21,7.230420e-21,7.642740e-21,8.071650e-21,8.515640e-21,8.975230e-21,9.468740e-21,9.983590e-21,1.051650e-20,1.106450e-20,1.162320e-20,1.220140e-20,1.278340e-20,1.329970e-20,1.383420e-20,1.440000e-20,1.501090e-20,1.564330e-20,1.622010e-20,1.679180e-20,1.738370e-20,1.799630e-20,1.862560e-20,1.925770e-20,1.991210e-20,2.058940e-20,2.127590e-20,2.194580e-20,2.263930e-20,2.335720e-20,2.402520e-20,2.469830e-20,2.539500e-20,2.623910e-20,2.716330e-20,2.812010e-20,2.890040e-20,2.968900e-20,3.049000e-20,3.129280e-20,3.211750e-20,3.275130e-20,3.340740e-20,3.408650e-20,3.478950e-20,3.538500e-20,3.597680e-20,3.658950e-20,3.722370e-20,3.788020e-20,3.855970e-20,3.926310e-20,3.999130e-20,4.074500e-20,4.151720e-20,4.206790e-20,4.263790e-20,4.318240e-20,4.367100e-20,4.417680e-20,4.457530e-20,4.498180e-20,4.540250e-20,4.583810e-20,4.628250e-20,4.673890e-20,4.721120e-20,4.770020e-20,4.820400e-20,4.853750e-20,4.888260e-20,4.923980e-20,4.960830e-20,4.993640e-20,5.027610e-20,5.062770e-20,5.097560e-20,5.132100e-20,5.167850e-20,5.196750e-20,5.214160e-20,5.232180e-20,5.248670e-20,5.264120e-20,5.280060e-20,5.288330e-20,5.296900e-20,5.305770e-20,5.314950e-20,5.330030e-20,5.352160e-20,5.375070e-20,5.398790e-20,5.427790e-20,5.461680e-20,5.496750e-20,5.532040e-20,5.557100e-20,5.583030e-20,5.609880e-20,5.603080e-20,5.595890e-20,5.585330e-20,5.562210e-20,5.538280e-20,5.497020e-20,5.445730e-20,5.395530e-20,5.349740e-20,5.298500e-20,5.224890e-20,5.150580e-20,5.084850e-20,5.016820e-20,4.946390e-20,4.880790e-20,4.820420e-20,4.757930e-20,4.695920e-20,4.639670e-20,4.581450e-20,4.521180e-20,4.458790e-20,4.394210e-20,4.327360e-20,4.264980e-20,4.208700e-20,4.150440e-20,4.090130e-20,4.027700e-20,3.963080e-20,3.901990e-20,3.839040e-20,3.773880e-20,3.706430e-20,3.639730e-20,3.577090e-20,3.512260e-20,3.445140e-20,3.380340e-20,3.322260e-20,3.262130e-20,3.199890e-20,3.143250e-20,3.086090e-20,3.026910e-20,2.960730e-20,2.890280e-20,2.817350e-20,2.762300e-20,2.707600e-20,2.654380e-20,2.606230e-20,2.556390e-20,2.504810e-20,2.451400e-20,2.398030e-20,2.343300e-20,2.286640e-20,2.228000e-20,2.179270e-20,2.130710e-20,2.080440e-20,2.033490e-20,1.992300e-20,1.949660e-20]
                           }
        }